emissionDate,ratio:22,ratio:13,votes:22,votes:13,votes.mean:22,votes.mean:13,votes.stdv:22,votes.stdv:13,votes:*,votes:*.mean,bus,turnout,abstentions,abstentionsRatio,eligibleVoters,turnout.mean,abstentions.mean,eligibleVoters.mean,presidentAbstentionRatio,presidentAbstentionRatio.stdv,votersByCode,votersBiometric,votersWithoutBiometrics,votersInTransit,votersByCode.mean,votersBiometric.mean,votersWithoutBiometrics.mean,votersInTransit.mean,total,totalRatio
17:00:00,"0,4816","0,4358",1073,971,"107,3000","97,1000","40,5587","26,4894",2228,"222,8000",10,2308,630,"0,2144",2938,"230,8000","63,0000","293,8000","0,2061","0,0596",224,1319,989,1,"22,4000","131,9000","98,9000","0,1000",2228,"0,0002"
17:00:30,"0,4369","0,4862",6743,7504,"97,7246","108,7536","38,6241","33,1756",15433,"223,6667",69,16258,4733,"0,2255",20991,"235,6232","68,5942","304,2174","0,2249","0,0578",1300,10938,5320,23,"18,8406","158,5217","77,1014","0,3333",17661,"0,0015"
17:01:00,"0,4541","0,4631",12683,12934,"107,4831","109,6102","34,7774","33,2984",27931,"236,7034",118,29347,8040,"0,2150",37387,"248,7034","68,1356","316,8390","0,2142","0,0560",2193,19503,9844,5,"18,5847","165,2797","83,4237","0,0424",45592,"0,0038"
17:01:30,"0,4645","0,4516",53228,51754,"105,6111","102,6865","35,8175","30,7358",114593,"227,3671",504,120135,32362,"0,2122",152497,"238,3631","64,2103","302,5734","0,2125","0,0585",9865,84144,35991,92,"19,5734","166,9524","71,4107","0,1825",160185,"0,0133"
17:02:00,"0,4507","0,4659",171800,177600,"100,6444","103,9813","37,8987","32,2607",381181,"223,1739",1708,400556,111779,"0,2182",512335,"234,5176","65,4444","299,9619","0,2194","0,0625",31931,275872,124684,516,"18,6950","161,5176","73,0000","0,3021",541366,"0,0451"
17:02:30,"0,4465","0,4700",300795,316645,"98,6537","103,8521","37,8671","31,0110",673653,"220,9423",3049,708304,199436,"0,2197",907740,"232,3070","65,4103","297,7173","0,2207","0,0632",55413,483794,224510,700,"18,1742","158,6730","73,6340","0,2296",1215019,"0,1011"
17:03:00,"0,4444","0,4725",365414,388538,"98,7872","105,0103","38,5391","31,4328",822263,"222,2332",3700,864418,242585,"0,2191",1107003,"233,6265","65,5635","299,1900","0,2204","0,0637",66466,589080,275338,1135,"17,9638","159,2108","74,4157","0,3068",2037282,"0,1695"
17:03:30,"0,4443","0,4731",358968,382198,"99,1624","105,5504","39,0065","31,6444",807857,"223,1033",3621,849943,241098,"0,2210",1091041,"234,7260","66,5833","301,3093","0,2225","0,0656",65118,575427,274516,960,"17,9834","158,9138","75,8122","0,2651",2845139,"0,2368"
17:04:00,"0,4466","0,4705",361538,380884,"100,6509","106,0072","39,8756","30,7244",809590,"225,3242",3593,851221,243098,"0,2221",1094319,"236,9109","67,6588","304,5697","0,2239","0,0641",66310,577636,273585,997,"18,4553","160,7670","76,1439","0,2775",3654729,"0,3041"
17:04:30,"0,4397","0,4778",314476,341758,"99,9924","108,6325","39,2916","31,6749",715266,"227,3573",3146,752735,213150,"0,2207",965885,"239,2673","67,7527","307,0200","0,2222","0,0659",58077,507794,244941,931,"18,4606","161,4094","77,8579","0,2959",4369995,"0,3637"
17:05:00,"0,4372","0,4804",257050,282449,"98,7894","108,5507","39,8597","32,2271",587972,"225,9693",2602,618382,177790,"0,2233",796172,"237,6564","68,3282","305,9846","0,2246","0,0675",47697,417250,201132,767,"18,3309","160,3574","77,2990","0,2948",4957967,"0,4126"
17:05:30,"0,4417","0,4752",229365,246754,"101,2649","108,9422","40,1354","31,9500",519278,"229,2618",2265,546526,156212,"0,2223",702738,"241,2918","68,9678","310,2596","0,2236","0,0645",41063,360328,186198,568,"18,1294","159,0852","82,2066","0,2508",5477245,"0,4558"
17:06:00,"0,4404","0,4768",197092,213371,"101,3326","109,7023","40,0098","31,0214",447509,"230,0817",1945,471012,132907,"0,2201",603919,"242,1656","68,3326","310,4982","0,2209","0,0634",36076,319443,151569,342,"18,5481","164,2380","77,9275","0,1758",5924754,"0,4931"
17:06:30,"0,4343","0,4835",175037,194847,"100,4228","111,7883","40,1571","31,9522",403001,"231,2111",1743,424320,122669,"0,2243",546989,"243,4423","70,3781","313,8204","0,2254","0,0671",32272,286749,137571,311,"18,5152","164,5146","78,9277","0,1784",6327755,"0,5266"
17:07:00,"0,4382","0,4801",136736,149800,"100,9867","110,6352","41,7833","31,3838",312019,"230,4424",1354,328144,94091,"0,2228",422235,"242,3516","69,4911","311,8427","0,2251","0,0661",25248,219983,108161,427,"18,6470","162,4690","79,8826","0,3154",6639774,"0,5526"
17:07:30,"0,4362","0,4821",129892,143539,"101,6369","112,3153","41,7859","32,3623",297754,"232,9844",1278,313660,89603,"0,2222",403263,"245,4304","70,1119","315,5423","0,2241","0,0660",23747,215779,97881,149,"18,5814","168,8412","76,5892","0,1166",6937528,"0,5773"
17:08:00,"0,4331","0,4863",106136,119176,"101,6628","114,1533","41,4793","32,7744",245054,"234,7261",1044,257749,75418,"0,2264",333167,"246,8860","72,2395","319,1255","0,2295","0,0689",20103,172333,85416,118,"19,2557","165,0699","81,8161","0,1130",7182582,"0,5977"
17:08:30,"0,4386","0,4800",91746,100413,"103,5508","113,2052","41,3480","32,4948",209176,"235,8241",887,220268,64064,"0,2253",284332,"248,3292","72,2255","320,5547","0,2268","0,0630",16871,145458,74810,173,"19,0203","163,9887","84,3405","0,1950",7391758,"0,6151"
17:09:00,"0,4372","0,4801",81642,89651,"104,1352","114,2051","42,0134","30,7736",186740,"237,8854",785,196662,56151,"0,2221",252813,"250,5248","71,5299","322,0548","0,2243","0,0625",14675,132741,63921,186,"18,6943","169,0968","81,4280","0,2369",7578498,"0,6307"
17:09:30,"0,4326","0,4866",72132,81145,"102,6060","115,4267","43,4557","31,6759",166751,"237,1991",703,175685,51080,"0,2253",226765,"249,9075","72,6600","322,5676","0,2288","0,0652",13907,116550,59135,81,"19,7824","165,7895","84,1181","0,1152",7745249,"0,6446"
17:10:00,"0,4354","0,4834",66902,74267,"105,0267","116,5887","43,0564","34,1107",153643,"241,1978",637,162051,44997,"0,2173",207048,"254,3972","70,6389","325,0361","0,2197","0,0667",11636,109344,52707,305,"18,2669","171,6546","82,7425","0,4788",7898892,"0,6573"
17:10:30,"0,4362","0,4839",57689,64000,"106,4373","118,0812","41,3522","30,8215",132260,"244,0221",542,139369,40794,"0,2264",180163,"257,1384","75,2657","332,4041","0,2296","0,0672",10675,92682,46687,126,"19,6956","171,0000","86,1384","0,2325",8031152,"0,6684"
17:11:00,"0,4387","0,4799",50415,55155,"106,8114","116,8538","41,6606","31,6800",114920,"243,4746",472,121262,34978,"0,2239",156240,"256,9110","74,1059","331,0169","0,2246","0,0670",9678,83007,38255,91,"20,5042","175,8623","81,0487","0,1928",8146072,"0,6779"
17:11:30,"0,4290","0,4923",49712,57042,"103,3514","118,5904","44,3471","30,8257",115874,"240,9023",481,122281,36219,"0,2285",158500,"254,2225","75,2994","329,5218","0,2316","0,0670",9809,81576,40705,181,"20,3929","169,5967","84,6258","0,3763",8261946,"0,6876"
17:12:00,"0,4449","0,4741",45236,48202,"110,3317","117,5659","41,5726","31,2577",101672,"247,9805",410,107049,30826,"0,2236",137875,"261,0951","75,1854","336,2805","0,2237","0,0594",7803,73146,33903,38,"19,0317","178,4049","82,6902","0,0927",8363618,"0,6960"
17:12:30,"0,4362","0,4845",37037,41134,"109,5769","121,6982","41,6325","28,6698",84901,"251,1864",338,89529,25760,"0,2234",115289,"264,8787","76,2130","341,0917","0,2254","0,0622",6876,62335,27194,68,"20,3432","184,4231","80,4556","0,2012",8448519,"0,7031"
17:13:00,"0,4362","0,4790",38776,42580,"111,1060","122,0057","43,3630","32,9327",88895,"254,7135",349,93718,27214,"0,2250",120932,"268,5330","77,9771","346,5100","0,2288","0,0650",7164,62629,31089,107,"20,5272","179,4527","89,0802","0,3066",8537414,"0,7105"
17:13:30,"0,4396","0,4797",35319,38544,"109,6863","119,7019","44,5486","31,0781",80343,"249,5124",322,84835,24430,"0,2236",109265,"263,4627","75,8696","339,3323","0,2257","0,0608",6577,58025,26810,109,"20,4255","180,2019","83,2609","0,3385",8617757,"0,7172"
17:14:00,"0,4333","0,4849",30571,34216,"108,4078","121,3333","42,2892","31,9162",70557,"250,2021",282,74236,21175,"0,2219",95411,"263,2482","75,0887","338,3369","0,2237","0,0559",6013,49765,24471,52,"21,3227","176,4716","86,7766","0,1844",8688314,"0,7230"
17:14:30,"0,4330","0,4888",28910,32640,"111,1923","125,5385","43,3006","32,0866",66774,"256,8231",260,70430,21037,"0,2300",91467,"270,8846","80,9115","351,7962","0,2316","0,0657",5286,45767,24663,43,"20,3308","176,0269","94,8577","0,1654",8755088,"0,7286"
17:15:00,"0,4361","0,4856",25183,28045,"110,9383","123,5463","42,2613","32,8243",57751,"254,4097",227,60990,17817,"0,2261",78807,"268,6784","78,4890","347,1674","0,2280","0,0658",4694,41195,19795,82,"20,6784","181,4758","87,2026","0,3612",8812839,"0,7334"
17:15:30,"0,4378","0,4808",26959,29610,"113,2731","124,4118","41,4160","32,3780",61583,"258,7521",238,64972,18430,"0,2210",83402,"272,9916","77,4370","350,4286","0,2216","0,0634",5001,46861,18111,61,"21,0126","196,8950","76,0966","0,2563",8874422,"0,7385"
17:16:00,"0,4467","0,4706",25094,26440,"118,9289","125,3081","44,1282","31,7868",56179,"266,2512",211,59157,16367,"0,2167",75524,"280,3649","77,5687","357,9336","0,2178","0,0568",4009,39850,19307,57,"19,0000","188,8626","91,5024","0,2701",8930601,"0,7432"
17:16:30,"0,4383","0,4814",23357,25657,"115,0591","126,3892","42,0284","33,0392",53294,"262,5320",203,56209,15720,"0,2185",71929,"276,8916","77,4384","354,3300","0,2207","0,0613",4062,36949,19260,64,"20,0099","182,0148","94,8768","0,3153",8983895,"0,7476"
17:17:00,"0,4304","0,4904",26002,29627,"116,0804","132,2634","39,5550","30,5077",60410,"269,6875",224,63894,17759,"0,2175",81653,"285,2411","79,2813","364,5223","0,2176","0,0523",4322,43825,20069,18,"19,2946","195,6473","89,5938","0,0804",9044305,"0,7527"
17:17:30,"0,4298","0,4914",22183,25361,"113,7590","129,3929","40,5526","32,6939",51607,"263,3010",196,54572,16313,"0,2301",70885,"278,4286","83,2296","361,6582","0,2316","0,0674",4067,35372,19200,17,"20,7500","180,4694","97,9592","0,0867",9095912,"0,7570"
17:18:00,"0,4321","0,4882",22733,25685,"115,3959","130,3807","37,0484","31,3039",52613,"267,0711",197,55569,14850,"0,2109",70419,"282,0761","75,3807","357,4569","0,2114","0,0609",4104,38732,16837,39,"20,8325","196,6091","85,4670","0,1980",9148525,"0,7613"
17:18:30,"0,4230","0,4956",19711,23093,"111,9943","131,2102","45,3940","31,1621",46598,"264,7614",176,49130,14410,"0,2268",63540,"279,1477","81,8750","361,0227","0,2295","0,0664",3402,30854,18276,56,"19,3295","175,3068","103,8409","0,3182",9195123,"0,7652"
17:19:00,"0,4521","0,4622",20278,20732,"122,8970","125,6485","42,3756","27,7252",44856,"271,8545",165,47276,12936,"0,2148",60212,"286,5212","78,4000","364,9212","0,2163","0,0607",3591,32100,15176,37,"21,7636","194,5455","91,9758","0,2242",9239979,"0,7690"
17:19:30,"0,4339","0,4889",18725,21097,"116,3043","131,0373","36,3477","29,5391",43156,"268,0497",161,45576,13169,"0,2242",58745,"283,0807","81,7950","364,8758","0,2247","0,0609",3384,29839,15737,57,"21,0186","185,3354","97,7453","0,3540",9283135,"0,7725"
17:20:00,"0,4429","0,4723",18443,19665,"119,7597","127,6948","40,8920","29,9765",41639,"270,3831",154,44021,12324,"0,2187",56345,"285,8506","80,0260","365,8766","0,2191","0,0554",3467,30218,13803,34,"22,5130","196,2208","89,6299","0,2208",9324774,"0,7760"
17:20:30,"0,4407","0,4800",22564,24574,"120,0213","130,7128","39,1857","28,4994",51196,"272,3191",188,53974,15458,"0,2226",69432,"287,0957","82,2234","369,3191","0,2238","0,0526",4037,35258,18716,66,"21,4734","187,5426","99,5532","0,3511",9375970,"0,7803"
17:21:00,"0,4318","0,4848",19451,21838,"117,8848","132,3515","41,4117","29,7431",45044,"272,9939",165,47459,13275,"0,2186",60734,"287,6303","80,4545","368,0848","0,2206","0,0629",3483,30190,17269,43,"21,1091","182,9697","104,6606","0,2606",9421014,"0,7840"
17:21:30,"0,4139","0,5096",19810,24387,"110,6704","136,2402","43,7439","31,5772",47858,"267,3631",179,50635,14506,"0,2227",65141,"282,8771","81,0391","363,9162","0,2243","0,0643",3801,34599,16036,43,"21,2346","193,2905","89,5866","0,2402",9468872,"0,7880"
17:22:00,"0,4424","0,4778",16679,18013,"119,9928","129,5899","43,5995","27,2090",37700,"271,2230",139,39784,11500,"0,2242",51284,"286,2158","82,7338","368,9496","0,2270","0,0575",2906,26617,13167,24,"20,9065","191,4892","94,7266","0,1727",9506572,"0,7911"
17:22:30,"0,4315","0,4912",16320,18580,"117,4101","133,6691","45,1553","32,2462",37825,"272,1223",139,39891,11499,"0,2238",51390,"286,9856","82,7266","369,7122","0,2254","0,0614",3024,27980,11911,54,"21,7554","201,2950","85,6906","0,3885",9544397,"0,7943"
17:23:00,"0,4358","0,4835",16008,17758,"122,1985","135,5573","42,4333","30,5340",36729,"280,3740",131,38638,10849,"0,2192",49487,"294,9466","82,8168","377,7634","0,2192","0,0537",2824,26179,12459,55,"21,5573","199,8397","95,1069","0,4198",9581126,"0,7973"
17:23:30,"0,4203","0,5021",15934,19037,"112,2113","134,0634","39,4215","28,8161",37914,"267,0000",142,40146,11387,"0,2210",51533,"282,7183","80,1901","362,9085","0,2222","0,0562",3030,27221,12925,6,"21,3380","191,6972","91,0211","0,0423",9619040,"0,8005"
17:24:00,"0,4275","0,4901",14523,16651,"120,0248","137,6116","41,3370","28,5395",33974,"280,7769",121,35850,10048,"0,2189",45898,"296,2810","83,0413","379,3223","0,2200","0,0522",2544,24878,10972,23,"21,0248","205,6033","90,6777","0,1901",9653014,"0,8033"
17:24:30,"0,4264","0,4930",14061,16258,"115,2541","133,2623","42,4460","28,1957",32978,"270,3115",122,34798,10254,"0,2276",45052,"285,2295","84,0492","369,2787","0,2292","0,0547",2785,22684,12114,33,"22,8279","185,9344","99,2951","0,2705",9685992,"0,8061"
17:25:00,"0,4307","0,4876",15557,17613,"117,8561","133,4318","40,9218","35,7536",36122,"273,6515",132,38258,10886,"0,2215",49144,"289,8333","82,4697","372,3030","0,2236","0,0592",2691,26519,11739,89,"20,3864","200,9015","88,9318","0,6742",9722114,"0,8091"
17:25:30,"0,4340","0,4807",15059,16682,"120,4720","133,4560","40,9197","27,1536",34700,"277,6000",125,36638,9900,"0,2127",46538,"293,1040","79,2000","372,3040","0,2124","0,0551",2359,26141,10497,43,"18,8720","209,1280","83,9760","0,3440",9756814,"0,8120"
17:26:00,"0,4211","0,5004",13762,16356,"118,6379","141,0000","40,9841","30,7806",32684,"281,7586",116,34500,9319,"0,2127",43819,"297,4138","80,3362","377,7500","0,2127","0,0510",2353,23791,10709,36,"20,2845","205,0948","92,3190","0,3103",9789498,"0,8147"
17:26:30,"0,4419","0,4786",13226,14326,"120,2364","130,2364","42,0876","28,1208",29931,"272,1000",110,31691,9222,"0,2254",40913,"288,1000","83,8364","371,9364","0,2251","0,0589",2373,21164,10527,62,"21,5727","192,4000","95,7000","0,5636",9819429,"0,8172"
17:27:00,"0,4360","0,4790",14352,15767,"123,7241","135,9224","40,7819","31,1271",32915,"283,7500",116,34645,9837,"0,2211",44482,"298,6638","84,8017","383,4655","0,2240","0,0632",2578,23354,11291,39,"22,2241","201,3276","97,3362","0,3362",9852344,"0,8199"
17:27:30,"0,4375","0,4819",14209,15650,"121,4444","133,7607","43,4219","28,4276",32475,"277,5641",117,34286,9883,"0,2238",44169,"293,0427","84,4701","377,5128","0,2246","0,0554",2471,23088,11198,15,"21,1197","197,3333","95,7094","0,1282",9884819,"0,8226"
17:28:00,"0,4139","0,5045",15302,18649,"114,1940","139,1716","46,5245","30,4569",36968,"275,8806",134,38949,11380,"0,2261",50329,"290,6642","84,9254","375,5896","0,2289","0,0581",2842,26900,12049,11,"21,2090","200,7463","89,9179","0,0821",9921787,"0,8257"
17:28:30,"0,4248","0,4949",15699,18288,"117,1567","136,4776","43,0953","26,9731",36952,"275,7612",134,38984,11608,"0,2294",50592,"290,9254","86,6269","377,5522","0,2313","0,0597",2928,25880,13104,14,"21,8507","193,1343","97,7910","0,1045",9958739,"0,8288"
17:29:00,"0,4376","0,4817",13170,14496,"121,9444","134,2222","39,1365","29,0368",30094,"278,6481",108,31653,9008,"0,2215",40661,"293,0833","83,4074","376,4907","0,2238","0,0518",2474,21091,10562,93,"22,9074","195,2870","97,7963","0,8611",9988833,"0,8313"
17:29:30,"0,4180","0,5051",12801,15468,"114,2946","138,1071","42,1023","27,7361",30625,"273,4375",112,32455,9029,"0,2177",41484,"289,7768","80,6161","370,3929","0,2186","0,0518",2448,22130,10325,5,"21,8571","197,5893","92,1875","0,0446",10019458,"0,8338"
17:30:00,"0,4298","0,4900",15215,17346,"120,7540","137,6667","37,8226","28,6295",35399,"280,9444",126,37351,10447,"0,2186",47798,"296,4365","82,9127","379,3492","0,2193","0,0529",3047,26086,11265,20,"24,1825","207,0317","89,4048","0,1587",10054857,"0,8368"
17:30:30,"0,4503","0,4695",12378,12904,"128,9375","134,4167","42,5996","31,8177",27487,"286,3229",96,28958,8120,"0,2190",37078,"301,6458","84,5833","386,2292","0,2192","0,0579",2443,18672,10286,45,"25,4479","194,5000","107,1458","0,4688",10082344,"0,8391"
17:31:00,"0,4349","0,4856",12445,13897,"120,8252","134,9223","43,1694","27,3502",28616,"277,8252",103,30237,8449,"0,2184",38686,"293,5631","82,0291","375,5922","0,2191","0,0548",2337,22162,8075,30,"22,6893","215,1650","78,3981","0,2913",10110960,"0,8414"
17:31:30,"0,4106","0,5134",12332,15420,"114,1852","142,7778","41,4171","27,9220",30033,"278,0833",108,31695,9059,"0,2223",40754,"293,4722","83,8796","377,3519","0,2236","0,0522",2461,21313,10382,17,"22,7870","197,3426","96,1296","0,1574",10140993,"0,8439"
17:32:00,"0,4238","0,5082",10389,12459,"111,7097","133,9677","48,6728","32,1420",24515,"263,6022",93,25856,8134,"0,2393",33990,"278,0215","87,4624","365,4839","0,2396","0,0615",2267,16628,9228,4,"24,3763","178,7957","99,2258","0,0430",10165508,"0,8460"
17:32:30,"0,4286","0,4887",11141,12705,"118,5213","135,1596","41,0427","28,5010",25996,"276,5532",94,27533,8195,"0,2294",35728,"292,9043","87,1809","380,0851","0,2303","0,0588",2261,19205,8328,15,"24,0532","204,3085","88,5957","0,1596",10191504,"0,8481"