generationDate,ratio:22,ratio:13,votes:22,votes:13,votes.mean:22,votes.mean:13,votes.stdv:22,votes.stdv:13,votes:*,votes:*.mean,bus,turnout,abstentions,abstentionsRatio,eligibleVoters,turnout.mean,abstentions.mean,eligibleVoters.mean,presidentAbstentionRatio,presidentAbstentionRatio.stdv,votersByCode,votersBiometric,votersWithoutBiometrics,votersInTransit,votersByCode.mean,votersBiometric.mean,votersWithoutBiometrics.mean,votersInTransit.mean,total,totalRatio
17:00:30,"0,3537","0,5624",156,248,"78,0000","124,0000","34,0000","27,0000",441,"220,5000",2,461,150,"0,2455",611,"230,5000","75,0000","305,5000","0,2415","0,0698",33,293,168,0,"16,5000","146,5000","84,0000","0,0000",441,"0,0000"
17:01:00,"0,4480","0,4752",1102,1169,"100,1818","106,2727","23,9082","29,7691",2460,"223,6364",11,2591,646,"0,1996",3237,"235,5455","58,7273","294,2727","0,1930","0,0673",141,1657,934,0,"12,8182","150,6364","84,9091","0,0000",2901,"0,0002"
17:01:30,"0,4300","0,4855",3707,4185,"102,9722","116,2500","38,5252","32,5938",8620,"239,4444",36,9113,2352,"0,2051",11465,"253,1389","65,3333","318,4722","0,2039","0,0477",629,6518,2595,0,"17,4722","181,0556","72,0833","0,0000",11521,"0,0010"
17:02:00,"0,4399","0,4772",8874,9628,"100,8409","109,4091","39,9400","30,6878",20174,"229,2500",88,21203,5874,"0,2169",27077,"240,9432","66,7500","307,6932","0,2166","0,0639",1366,13526,7677,0,"15,5227","153,7045","87,2386","0,0000",31695,"0,0026"
17:02:30,"0,4465","0,4639",42226,43872,"100,5381","104,4571","38,1321","32,1227",94564,"225,1524",420,99651,25670,"0,2048",125321,"237,2643","61,1190","298,3833","0,2058","0,0619",6272,67200,32451,122,"14,9333","160,0000","77,2643","0,2905",126259,"0,0105"
17:03:00,"0,4462","0,4669",123178,128902,"98,9382","103,4526","38,3116","32,5433",276066,"221,5618",1246,290598,78505,"0,2127",369103,"233,2247","63,0056","296,2303","0,2139","0,0610",20543,198389,92209,314,"16,4872","159,2207","74,0040","0,2520",402325,"0,0335"
17:03:30,"0,4420","0,4744",227870,244541,"97,5053","104,6389","37,7713","32,2877",515518,"220,5896",2337,542382,148770,"0,2152",691152,"232,0847","63,6585","295,7433","0,2165","0,0637",39381,371198,171184,357,"16,8511","158,8353","73,2495","0,1528",917843,"0,0764"
17:04:00,"0,4454","0,4705",295327,312001,"99,2029","104,7686","38,3122","31,0538",663133,"222,6773",2978,697693,193986,"0,2176",891679,"234,2824","65,1397","299,4221","0,2190","0,0634",53303,478761,218932,761,"17,8989","160,7660","73,5165","0,2555",1580976,"0,1316"
17:04:30,"0,4473","0,4698",350048,367642,"99,4737","104,4437","39,1447","30,9412",782601,"222,3298",3520,823407,233149,"0,2207",1056556,"233,9224","66,2355","300,1580","0,2222","0,0647",63152,560417,262990,849,"17,9409","159,2094","74,7131","0,2412",2363577,"0,1967"
17:05:00,"0,4436","0,4740",333176,356063,"99,6042","106,4145","39,4921","31,3126",751141,"224,4892",3346,789760,224247,"0,2211",1014007,"236,0311","67,0194","303,0505","0,2224","0,0645",60470,538275,251485,919,"18,0723","160,8712","75,1599","0,2747",3114718,"0,2592"
17:05:30,"0,4427","0,4742",312142,334340,"99,8854","106,9546","39,5951","31,1310",705048,"225,5432",3126,741341,212203,"0,2225",953544,"237,1532","67,8832","305,0365","0,2243","0,0662",57944,502454,238887,959,"18,5361","160,7338","76,4194","0,3068",3819766,"0,3179"
17:06:00,"0,4417","0,4765",291697,314645,"99,9990","107,8660","39,5358","31,5521",660333,"226,3740",2917,694886,201289,"0,2246",896175,"238,2194","69,0055","307,2249","0,2261","0,0670",54802,464226,230660,813,"18,7871","159,1450","79,0744","0,2787",4480099,"0,3728"
17:06:30,"0,4423","0,4757",250382,269299,"100,5954","108,1957","40,2148","31,8557",566107,"227,4436",2489,595398,169762,"0,2219",765160,"239,2117","68,2049","307,4166","0,2234","0,0643",46644,401500,193898,750,"18,7401","161,3098","77,9020","0,3013",5046206,"0,4199"
17:07:00,"0,4386","0,4785",219494,239440,"100,4090","109,5334","39,1245","32,2396",500416,"228,9186",2186,526513,150399,"0,2222",676912,"240,8568","68,8010","309,6578","0,2230","0,0646",40909,353421,173092,490,"18,7141","161,6747","79,1821","0,2242",5546622,"0,4616"
17:07:30,"0,4376","0,4799",184714,202576,"101,4912","111,3055","39,9030","31,5056",422084,"231,9143",1820,443758,128013,"0,2239",571771,"243,8231","70,3368","314,1599","0,2251","0,0641",34492,297826,145932,560,"18,9516","163,6407","80,1824","0,3077",5968706,"0,4967"
17:08:00,"0,4435","0,4750",158840,170118,"102,7426","110,0375","40,7856","31,5352",358121,"231,6436",1546,376700,108786,"0,2241",485486,"243,6611","70,3661","314,0272","0,2261","0,0642",29454,254002,122698,251,"19,0517","164,2962","79,3648","0,1624",6326827,"0,5265"
17:08:30,"0,4386","0,4790",140851,153806,"101,4777","110,8112","40,7290","32,3793",321122,"231,3559",1388,337931,97284,"0,2235",435215,"243,4661","70,0893","313,5555","0,2253","0,0668",26811,228010,109921,315,"19,3163","164,2723","79,1938","0,2269",6647949,"0,5532"
17:09:00,"0,4356","0,4836",122515,136022,"101,8412","113,0690","41,5048","31,8333",281282,"233,8171",1203,296173,85196,"0,2234",381369,"246,1953","70,8196","317,0150","0,2259","0,0683",23045,201927,94246,299,"19,1563","167,8529","78,3425","0,2485",6929231,"0,5767"
17:09:30,"0,4358","0,4837",104607,116101,"102,5559","113,7130","40,1193","31,5656",240008,"235,0715",1021,252420,72992,"0,2243",325412,"247,2282","71,4907","318,7189","0,2264","0,0636",19920,169500,82920,181,"19,5103","166,0137","81,2145","0,1773",7169239,"0,5966"
17:10:00,"0,4381","0,4817",88679,97520,"103,8396","114,0585","42,6571","31,9055",202431,"236,7614",855,213170,61842,"0,2249",275012,"249,3216","72,3298","321,6515","0,2263","0,0639",16193,140227,72943,210,"18,9392","164,0082","85,3135","0,2456",7371670,"0,6135"
17:10:30,"0,4371","0,4813",84393,92923,"103,1699","113,5978","42,6670","31,7664",193076,"236,0342",818,203379,58452,"0,2232",261831,"248,6296","71,4572","320,0868","0,2260","0,0659",16006,135926,67453,118,"19,5672","166,1687","82,4609","0,1443",7564746,"0,6295"
17:11:00,"0,4370","0,4813",71984,79279,"104,0231","114,5650","42,8907","33,9589",164708,"238,0173",692,173400,49557,"0,2223",222957,"250,5780","71,6142","322,1922","0,2252","0,0646",13556,118816,54584,310,"19,5896","171,6994","78,8786","0,4480",7729454,"0,6432"
17:11:30,"0,4371","0,4826",66135,73021,"106,3264","117,3971","40,1801","31,3910",151309,"243,2621",622,159321,45534,"0,2223",204855,"256,1431","73,2058","329,3489","0,2250","0,0676",11960,105314,54007,153,"19,2283","169,3151","86,8280","0,2460",7880763,"0,6558"
17:12:00,"0,4383","0,4814",55663,61137,"106,8388","117,3455","41,0816","32,1409",126986,"243,7351",521,133850,39260,"0,2268",173110,"256,9098","75,3551","332,2649","0,2278","0,0643",10457,90471,43379,123,"20,0710","173,6488","83,2610","0,2361",8007749,"0,6664"
17:12:30,"0,4387","0,4813",54616,59931,"104,8292","115,0307","46,0099","32,0198",124508,"238,9789",521,131298,37904,"0,2240",169202,"252,0115","72,7524","324,7639","0,2271","0,0651",10161,88546,42752,152,"19,5029","169,9539","82,0576","0,2917",8132257,"0,6768"
17:13:00,"0,4370","0,4844",48296,53529,"107,3244","118,9533","40,6207","30,0629",110508,"245,5733",450,116254,34853,"0,2307",151107,"258,3422","77,4511","335,7933","0,2321","0,0660",9312,77580,38674,115,"20,6933","172,4000","85,9422","0,2556",8242765,"0,6860"
17:13:30,"0,4354","0,4828",42528,47161,"107,9391","119,6980","41,7590","31,1868",97683,"247,9264",394,103015,29939,"0,2252",132954,"261,4594","75,9873","337,4467","0,2264","0,0606",8092,69224,33791,99,"20,5381","175,6954","85,7640","0,2513",8340448,"0,6941"
17:14:00,"0,4449","0,4708",41348,43750,"114,5374","121,1911","44,0444","31,0936",92932,"257,4294",361,98000,27610,"0,2198",125610,"271,4681","76,4820","347,9501","0,2216","0,0562",7071,68095,29905,72,"19,5873","188,6288","82,8393","0,1994",8433380,"0,7018"
17:14:30,"0,4299","0,4914",38608,44139,"104,9130","119,9429","44,0977","31,0518",89815,"244,0625",368,94753,27423,"0,2245",122176,"257,4810","74,5190","332,0000","0,2280","0,0670",7496,65034,29719,38,"20,3696","176,7228","80,7582","0,1033",8523195,"0,7093"
17:15:00,"0,4369","0,4830",33890,37465,"107,2468","118,5601","44,5203","31,8628",77563,"245,4525",316,81570,24336,"0,2298",105906,"258,1329","77,0127","335,1456","0,2318","0,0616",6740,55065,26505,96,"21,3291","174,2563","83,8766","0,3038",8600758,"0,7158"
17:15:30,"0,4343","0,4880",29582,33240,"110,7940","124,4944","41,9013","32,0434",68120,"255,1311",267,71703,21559,"0,2312",93262,"268,5506","80,7453","349,2959","0,2322","0,0615",5800,45622,26081,55,"21,7228","170,8689","97,6816","0,2060",8668878,"0,7214"
17:16:00,"0,4365","0,4802",30122,33132,"112,8165","124,0899","42,3747","31,1268",69001,"258,4307",267,72745,21267,"0,2262",94012,"272,4532","79,6517","352,1049","0,2288","0,0651",5720,49038,23707,105,"21,4232","183,6629","88,7903","0,3933",8737879,"0,7272"
17:16:30,"0,4384","0,4831",28916,31870,"111,6448","123,0502","40,2197","32,9773",65963,"254,6834",259,69659,19897,"0,2222",89556,"268,9537","76,8224","345,7761","0,2250","0,0669",5182,47377,22282,42,"20,0077","182,9228","86,0309","0,1622",8803842,"0,7327"
17:17:00,"0,4421","0,4778",26650,28801,"116,3755","125,7686","43,8538","32,3399",60279,"263,2271",229,63539,17783,"0,2187",81322,"277,4629","77,6550","355,1179","0,2195","0,0566",4477,43665,19874,71,"19,5502","190,6769","86,7860","0,3100",8864121,"0,7377"
17:17:30,"0,4418","0,4793",27062,29364,"114,6695","124,4237","41,1641","31,2168",61260,"259,5763",236,64566,18559,"0,2233",83125,"273,5847","78,6398","352,2246","0,2237","0,0611",4590,44828,19738,68,"19,4492","189,9492","83,6356","0,2881",8925381,"0,7428"
17:18:00,"0,4368","0,4820",24876,27456,"116,2430","128,2991","41,3549","31,7058",56957,"266,1542",214,60252,16707,"0,2171",76959,"281,5514","78,0701","359,6215","0,2184","0,0558",4235,40447,19805,11,"19,7897","189,0047","92,5467","0,0514",8982338,"0,7475"
17:18:30,"0,4264","0,4965",22318,25989,"111,0348","128,6584","40,7748","33,1883",52346,"259,1386",202,55397,16021,"0,2243",71418,"274,2426","79,3119","353,5545","0,2252","0,0621",4142,36672,18725,51,"20,5050","181,5446","92,6980","0,2525",9034684,"0,7519"
17:19:00,"0,4275","0,4917",21884,25167,"113,3886","130,3990","40,7042","32,4440",51188,"265,2228",193,54108,15159,"0,2188",69267,"280,3523","78,5440","358,8964","0,2204","0,0681",3927,36761,17347,86,"20,3472","190,4715","89,8808","0,4456",9085872,"0,7561"
17:19:30,"0,4278","0,4878",23953,27315,"116,2767","132,5971","41,9189","32,1175",55992,"271,8058",206,58987,16110,"0,2145",75097,"286,3447","78,2039","364,5485","0,2154","0,0602",4278,38929,20058,16,"20,7670","188,9757","97,3689","0,0777",9141864,"0,7608"
17:20:00,"0,4369","0,4843",19358,21456,"114,5444","126,9586","42,4933","30,0421",44307,"262,1716",169,46577,13429,"0,2238",60006,"275,6036","79,4615","355,0651","0,2255","0,0599",3661,31615,14962,39,"21,6627","187,0710","88,5325","0,2308",9186171,"0,7645"
17:20:30,"0,4411","0,4754",19491,21003,"119,5767","128,8528","37,6718","29,6427",44183,"271,0613",163,46675,12785,"0,2150",59460,"286,3497","78,4356","364,7853","0,2148","0,0626",3428,32553,14122,19,"21,0307","199,7117","86,6380","0,1166",9230354,"0,7682"
17:21:00,"0,4558","0,4623",22054,22369,"122,5222","124,2722","37,9786","27,5295",48384,"268,8000",180,51106,14775,"0,2243",65881,"283,9222","82,0833","366,0056","0,2253","0,0558",3908,33264,17842,74,"21,7111","184,8000","99,1222","0,4111",9278738,"0,7722"
17:21:30,"0,4281","0,4898",19541,22357,"117,0120","133,8743","40,3608","29,7955",45649,"273,3473",167,48210,13356,"0,2169",61566,"288,6826","79,9760","368,6587","0,2177","0,0541",3422,31236,16974,61,"20,4910","187,0419","101,6407","0,3653",9324387,"0,7760"
17:22:00,"0,4335","0,4881",20196,22736,"115,4057","129,9200","38,4853","27,3246",46585,"266,2000",175,49094,14496,"0,2280",63590,"280,5371","82,8343","363,3714","0,2302","0,0601",4062,32580,16514,55,"23,2114","186,1714","94,3657","0,3143",9370972,"0,7799"
17:22:30,"0,4229","0,5004",19278,22809,"112,7368","133,3860","43,7282","30,7317",45583,"266,5673",171,48199,13660,"0,2208",61859,"281,8655","79,8830","361,7485","0,2220","0,0617",3662,31143,17056,56,"21,4152","182,1228","99,7427","0,3275",9416555,"0,7836"
17:23:00,"0,4234","0,4952",16780,19623,"114,1497","133,4898","43,8895","30,3287",39629,"269,5850",147,41829,12013,"0,2231",53842,"284,5510","81,7211","366,2721","0,2257","0,0601",2932,28229,13600,26,"19,9456","192,0340","92,5170","0,1769",9456184,"0,7869"
17:23:30,"0,4412","0,4794",17573,19093,"122,0347","132,5903","41,9690","29,0869",39828,"276,5833",144,41935,12034,"0,2230",53969,"291,2153","83,5694","374,7847","0,2234","0,0547",3246,28834,13101,43,"22,5417","200,2361","90,9792","0,2986",9496012,"0,7903"
17:24:00,"0,4395","0,4839",15505,17068,"116,5789","128,3308","42,5662","31,6529",35275,"265,2256",133,37316,10993,"0,2276",48309,"280,5714","82,6541","363,2256","0,2286","0,0624",2838,25594,11722,56,"21,3383","192,4361","88,1353","0,4211",9531287,"0,7932"
17:24:30,"0,4265","0,4930",17267,19957,"118,2671","136,6918","43,7648","28,9176",40483,"277,2808",146,42691,11891,"0,2179",54582,"292,4041","81,4452","373,8493","0,2195","0,0646",3043,28311,14380,39,"20,8425","193,9110","98,4932","0,2671",9571770,"0,7966"
17:25:00,"0,4196","0,5050",14895,17927,"112,8409","135,8106","41,9379","29,3872",35502,"268,9545",132,37428,10730,"0,2228",48158,"283,5455","81,2879","364,8333","0,2247","0,0508",3032,25506,11922,24,"22,9697","193,2273","90,3182","0,1818",9607272,"0,7995"
17:25:30,"0,4249","0,4920",15169,17566,"118,5078","137,2344","40,7237","31,7814",35702,"278,9219",128,37723,10575,"0,2190",48298,"294,7109","82,6172","377,3281","0,2213","0,0521",2741,26464,11259,68,"21,4141","206,7500","87,9609","0,5313",9642974,"0,8025"
17:26:00,"0,4297","0,4901",14171,16161,"114,2823","130,3306","48,8278","31,0002",32978,"265,9516",124,34781,10196,"0,2267",44977,"280,4919","82,2258","362,7177","0,2281","0,0658",2558,23991,10790,44,"20,6290","193,4758","87,0161","0,3548",9675952,"0,8052"
17:26:30,"0,4295","0,4888",15083,17163,"120,6640","137,3040","38,5283","30,9196",35115,"280,9200",125,37054,9864,"0,2102",46918,"296,4320","78,9120","375,3440","0,2102","0,0496",2613,25465,11589,31,"20,9040","203,7200","92,7120","0,2480",9711067,"0,8082"
17:27:00,"0,4306","0,4902",15091,17182,"116,9845","133,1938","41,0318","29,1941",35048,"271,6899",129,37092,10532,"0,2211",47624,"287,5349","81,6434","369,1783","0,2213","0,0574",2511,25908,11184,49,"19,4651","200,8372","86,6977","0,3798",9746115,"0,8111"
17:27:30,"0,4336","0,4841",14071,15710,"121,3017","135,4310","35,3973","29,1539",32452,"279,7586",116,34310,9277,"0,2128",43587,"295,7759","79,9741","375,7500","0,2125","0,0485",2615,22740,11570,51,"22,5431","196,0345","99,7414","0,4397",9778567,"0,8138"
17:28:00,"0,4298","0,4900",14095,16070,"120,4701","137,3504","45,2950","31,0952",32794,"280,2906",117,34484,10020,"0,2251",44504,"294,7350","85,6410","380,3761","0,2277","0,0637",2466,23364,11120,30,"21,0769","199,6923","95,0427","0,2564",9811361,"0,8165"
17:28:30,"0,4237","0,4913",15805,18325,"119,7348","138,8258","44,2486","27,2590",37301,"282,5833",132,39470,11528,"0,2260",50998,"299,0152","87,3333","386,3485","0,2285","0,0580",2658,26089,13381,29,"20,1364","197,6439","101,3712","0,2197",9848662,"0,8196"
17:29:00,"0,4232","0,4958",14436,16913,"116,4194","136,3952","43,7154","31,5037",34111,"275,0887",124,35938,10556,"0,2270",46494,"289,8226","85,1290","374,9516","0,2298","0,0595",2603,24258,11680,29,"20,9919","195,6290","94,1935","0,2339",9882773,"0,8224"
17:29:30,"0,4427","0,4731",15746,16827,"125,9680","134,6160","39,5300","24,7538",35568,"284,5440",125,37488,10638,"0,2210",48126,"299,9040","85,1040","385,0080","0,2220","0,0511",2577,25856,11632,20,"20,6160","206,8480","93,0560","0,1600",9918341,"0,8254"
17:30:00,"0,4237","0,4962",13537,15854,"114,7203","134,3559","42,2125","34,3545",31953,"270,7881",118,33739,9753,"0,2242",43492,"285,9237","82,6525","368,5763","0,2257","0,0599",2628,22634,11105,83,"22,2712","191,8136","94,1102","0,7034",9950294,"0,8281"
17:30:30,"0,4363","0,4853",15357,17082,"119,9766","133,4531","44,4129","27,7043",35199,"274,9922",128,37122,10497,"0,2204",47619,"290,0156","82,0078","372,0234","0,2229","0,0566",3080,25607,11515,16,"24,0625","200,0547","89,9609","0,1250",9985493,"0,8310"
17:31:00,"0,4326","0,4919",12160,13825,"119,2157","135,5392","39,7538","26,2408",28106,"275,5490",102,29683,8551,"0,2236",38234,"291,0098","83,8333","374,8431","0,2251","0,0507",2306,20280,9403,22,"22,6078","198,8235","92,1863","0,2157",10013599,"0,8333"
17:31:30,"0,4331","0,4882",14441,16279,"121,3529","136,7983","39,7768","30,3458",33345,"280,2101",119,35111,9873,"0,2195",44984,"295,0504","82,9664","378,0168","0,2203","0,0537",2808,23621,11490,45,"23,5966","198,4958","96,5546","0,3782",10046944,"0,8361"
17:32:00,"0,4308","0,4865",13625,15389,"121,6518","137,4018","41,3635","31,0353",31629,"282,4018",112,33373,9165,"0,2155",42538,"297,9732","81,8304","379,8036","0,2161","0,0603",2680,21874,11499,12,"23,9286","195,3036","102,6696","0,1071",10078573,"0,8387"
17:32:30,"0,4354","0,4881",11150,12500,"122,5275","137,3626","39,2740","29,0961",25608,"281,4066",91,27109,7845,"0,2244",34954,"297,9011","86,2088","384,1099","0,2244","0,0529",2211,19099,8010,23,"24,2967","209,8791","88,0220","0,2527",10104181,"0,8409"
17:33:00,"0,4095","0,5176",10866,13735,"110,8776","140,1531","41,6647","27,9250",26536,"270,7755",98,27971,8368,"0,2303",36339,"285,4184","85,3878","370,8061","0,2304","0,0556",2269,19073,8898,6,"23,1531","194,6224","90,7959","0,0612",10130717,"0,8431"
17:33:30,"0,4266","0,4970",10980,12792,"118,0645","137,5484","45,9026","28,9792",25739,"276,7634",93,27167,8004,"0,2276",35171,"292,1183","86,0645","378,1828","0,2291","0,0565",2299,18706,8461,18,"24,7204","201,1398","90,9785","0,1935",10156456,"0,8452"
17:34:00,"0,4378","0,4825",10350,11408,"117,6136","129,6364","44,5167","24,3022",23642,"268,6591",88,24903,7870,"0,2401",32773,"282,9886","89,4318","372,4205","0,2431","0,0611",2224,16445,8458,19,"25,2727","186,8750","96,1136","0,2159",10180098,"0,8472"
17:34:30,"0,4210","0,5004",13857,16473,"118,4359","140,7949","43,9011","32,8385",32917,"281,3419",117,34741,9770,"0,2195",44511,"296,9316","83,5043","380,4359","0,2216","0,0609",2657,23766,10975,57,"22,7094","203,1282","93,8034","0,4872",10213015,"0,8499"